[gd_scene load_steps=15 format=2]

[ext_resource path="res://gradient_background/gradient_background.shader" type="Shader" id=1]
[ext_resource path="res://gradient_background/cube.gd" type="Script" id=2]
[ext_resource path="res://gradient_background/enviroment_canvas.tres" type="Environment" id=3]
[ext_resource path="res://gradient_background/gradient_background.material" type="Material" id=4]
[ext_resource path="res://gradient_background/HDR_RGBA_1.png" type="Texture" id=5]
[ext_resource path="res://gradient_background/scene.gd" type="Script" id=6]
[ext_resource path="res://gradient_background/gradient_background.gd" type="Script" id=7]

[sub_resource type="ShaderMaterial" id=1]
shader = ExtResource( 1 )
shader_param/color_border = Color( 1, 0.541176, 0, 1 )
shader_param/color_center = Color( 1, 0.768627, 0, 1 )
shader_param/center = 0.5
shader_param/center_thickness = 0.0
shader_param/gradient = 0.8
shader_param/power = 1.32
shader_param/color_halo = Color( 0.72549, 0.14902, 0, 1 )
shader_param/halo_center = 0.5
shader_param/halo_size = 2.0
shader_param/halo_power = 9.194
shader_param/halo_stretch = 0.45
shader_param/halo_strength = 1.0
shader_param/noise_amount = 0.02
shader_param/uv_offset = Vector2( 0.18686, 0.0828131 )
shader_param/uv_scale = Vector2( 5, 5 )
shader_param/HALF_PI = 1.5708
shader_param/PI = 3.14159
shader_param/noise_texture = ExtResource( 5 )

[sub_resource type="ViewportTexture" id=2]
viewport_path = NodePath("vp0")

[sub_resource type="SpatialMaterial" id=3]
flags_transparent = true
flags_unshaded = true
flags_no_depth_test = true
flags_do_not_receive_shadows = true
flags_disable_ambient_light = true
params_depth_draw_mode = 2
albedo_color = Color( 1, 1, 1, 0.156863 )

[sub_resource type="ArrayMesh" id=4]
surfaces/0 = {
"aabb": AABB( -1, -1, -1, 2, 2, 2 ),
"array_data": PoolByteArray( 0, 0, 128, 191, 0, 0, 128, 191, 0, 0, 128, 191, 0, 0, 128, 63, 0, 0, 128, 191, 0, 0, 128, 191, 0, 0, 128, 63, 0, 0, 128, 191, 0, 0, 128, 63, 0, 0, 128, 191, 0, 0, 128, 191, 0, 0, 128, 63, 0, 0, 128, 191, 0, 0, 128, 63, 0, 0, 128, 191, 0, 0, 128, 63, 0, 0, 128, 63, 0, 0, 128, 191, 0, 0, 128, 63, 0, 0, 128, 63, 0, 0, 128, 63, 0, 0, 128, 191, 0, 0, 128, 63, 0, 0, 128, 63 ),
"array_index_data": PoolByteArray( 0, 0, 1, 0, 1, 0, 2, 0, 2, 0, 3, 0, 3, 0, 0, 0, 4, 0, 5, 0, 5, 0, 6, 0, 6, 0, 7, 0, 7, 0, 4, 0, 0, 0, 4, 0, 1, 0, 5, 0, 2, 0, 6, 0, 3, 0, 7, 0 ),
"blend_shape_data": [  ],
"format": 97537,
"index_count": 24,
"primitive": 1,
"skeleton_aabb": [  ],
"vertex_count": 8
}

[sub_resource type="ViewportTexture" id=5]
flags = 34
viewport_path = NodePath("vp0")

[sub_resource type="SpatialMaterial" id=6]
resource_local_to_scene = true
flags_transparent = true
flags_unshaded = true
flags_no_depth_test = true
flags_do_not_receive_shadows = true
flags_disable_ambient_light = true
params_depth_draw_mode = 2
albedo_color = Color( 0.929412, 0.929412, 0.929412, 0.101961 )
albedo_texture = SubResource( 5 )

[sub_resource type="CubeMesh" id=7]

[node name="n2d" type="Node2D"]
script = ExtResource( 6 )
speed = 0.05
cube_alpha = 0.15

[node name="configs" type="Node2D" parent="."]
visible = false

[node name="bg3" type="Polygon2D" parent="configs"]
material = ExtResource( 4 )
scale = Vector2( 1000, 600 )
z_index = -1
polygon = PoolVector2Array( 0, 0, 1, 0, 1, 1, 0, 1 )
uv = PoolVector2Array( 0, 0, 20, 0, 20, 20, 0, 20 )
script = ExtResource( 7 )
color_border = Color( 0, 0, 0, 1 )
color_center = Color( 0, 0, 0, 1 )
color_halo = Color( 1, 0.945098, 0.643137, 1 )
center = 0.5
center_thickness = 0.0
gradient = 0.805
power = 0.282
halo_center = 0.5
halo_size = 0.0
halo_power = 11.163
halo_stretch = 0.651
halo_strength = 0.0
uv_offset_range = 0.3

[node name="bg1" type="Polygon2D" parent="configs"]
visible = false
material = ExtResource( 4 )
scale = Vector2( 1000, 600 )
z_index = -1
polygon = PoolVector2Array( 0, 0, 1, 0, 1, 1, 0, 1 )
uv = PoolVector2Array( 0, 0, 20, 0, 20, 20, 0, 20 )
script = ExtResource( 7 )
color_border = Color( 0.0823529, 0.152941, 0.176471, 1 )
color_center = Color( 0, 1, 0.976471, 1 )
color_halo = Color( 1, 0.945098, 0.643137, 1 )
center = 0.5
center_thickness = 0.008
gradient = 0.805
power = 0.282
halo_center = 0.5
halo_size = 0.964
halo_power = 11.163
halo_stretch = 0.651
halo_strength = 1.0
uv_offset_range = 0.3

[node name="bg2" type="Polygon2D" parent="configs"]
visible = false
material = ExtResource( 4 )
scale = Vector2( 1000, 600 )
z_index = -1
polygon = PoolVector2Array( 0, 0, 1, 0, 1, 1, 0, 1 )
uv = PoolVector2Array( 0, 0, 20, 0, 20, 20, 0, 20 )
script = ExtResource( 7 )
color_border = Color( 0, 0.780392, 0.45098, 1 )
color_center = Color( 1, 0.701961, 0, 1 )
color_halo = Color( 0.913725, 0.811765, 0.239216, 1 )
center = 0.5
center_thickness = 0.0
gradient = 0.39
power = 0.015
halo_center = 0.5
halo_size = 1.738
halo_power = 16.482
halo_stretch = 0.638
halo_strength = 1.0
uv_offset_range = 0.0

[node name="bg0" type="Polygon2D" parent="configs"]
visible = false
material = SubResource( 1 )
scale = Vector2( 1000, 600 )
z_index = -1
polygon = PoolVector2Array( 0, 0, 1, 0, 1, 1, 0, 1 )
uv = PoolVector2Array( 0, 0, 20, 0, 20, 20, 0, 20 )
script = ExtResource( 7 )
color_border = Color( 1, 0.376471, 0, 1 )
color_center = Color( 1, 0.866667, 0, 1 )
color_halo = Color( 0.898039, 0.184314, 0, 1 )
center = 0.5
center_thickness = 0.0
gradient = 0.8
power = 1.32
halo_center = 0.5
halo_size = 2.0
halo_power = 9.194
halo_stretch = 0.45
halo_strength = 1.0
uv_offset_range = 0.3

[node name="bg4" type="Polygon2D" parent="configs"]
visible = false
material = SubResource( 1 )
scale = Vector2( 1000, 600 )
z_index = -1
polygon = PoolVector2Array( 0, 0, 1, 0, 1, 1, 0, 1 )
uv = PoolVector2Array( 0, 0, 20, 0, 20, 20, 0, 20 )
script = ExtResource( 7 )
color_border = Color( 1, 0.541176, 0, 1 )
color_center = Color( 1, 0.768627, 0, 1 )
color_halo = Color( 0.72549, 0.14902, 0, 1 )
center = 0.5
center_thickness = 0.0
gradient = 0.8
power = 1.32
halo_center = 0.5
halo_size = 2.0
halo_power = 9.194
halo_stretch = 0.45
halo_strength = 1.0
uv_offset_range = 0.3

[node name="vp0" type="Viewport" parent="."]
size = Vector2( 1000, 600 )
transparent_bg = true
msaa = 1
render_target_v_flip = true

[node name="bg" type="Polygon2D" parent="vp0"]
material = ExtResource( 4 )
scale = Vector2( 1000, 600 )
z_index = -1
polygon = PoolVector2Array( 0, 0, 1, 0, 1, 1, 0, 1 )
uv = PoolVector2Array( 0, 0, 20, 0, 20, 20, 0, 20 )
script = ExtResource( 7 )
color_border = Color( 0, 0, 0, 1 )
color_center = Color( 0, 0, 0, 1 )
color_halo = Color( 1, 0.945098, 0.643137, 1 )
center = 0.5
center_thickness = 0.0
gradient = 0.805
power = 0.282
halo_center = 0.5
halo_size = 0.0
halo_power = 11.163
halo_stretch = 0.651
halo_strength = 0.0
uv_offset_range = 0.3

[node name="cam" type="Camera" parent="vp0"]
transform = Transform( 1, 0, 0, 0, 1, 0, 0, 0, 1, 0, 0, 23 )
environment = ExtResource( 3 )
current = true
fov = 12.0
far = 10000.0

[node name="display0" type="Sprite" parent="."]
texture = SubResource( 2 )
centered = false

[node name="meshes" type="Spatial" parent="."]
visible = false

[node name="wireframe" type="MeshInstance" parent="meshes"]
transform = Transform( 0.844019, -0.392053, 0.36598, 0.536196, 0.601361, -0.592338, 0.0121355, 0.696185, 0.717774, 0, 0, 0 )
material_override = SubResource( 3 )
mesh = SubResource( 4 )
material/0 = null

[node name="solid" type="MeshInstance" parent="meshes"]
transform = Transform( 0.844019, -0.392053, 0.36598, 0.536196, 0.601361, -0.592338, 0.0121355, 0.696185, 0.717774, 0, 0, 0 )
material_override = SubResource( 6 )
mesh = SubResource( 7 )
material/0 = null

[node name="root_3d" type="Spatial" parent="."]

[node name="spot" type="SpotLight" parent="root_3d"]
transform = Transform( 0.74995, -0.526669, 0.400244, 0, 0.60506, 0.79618, -0.661495, -0.597095, 0.453765, 2.96128, 4.89262, 3.3609 )
shadow_enabled = true
spot_range = 15.367

[node name="cube" type="MeshInstance" parent="root_3d"]
transform = Transform( -1.05514, 0.0830678, -0.299645, 0.0488645, 1.09115, 0.130423, 0.307083, 0.111793, -1.05034, 0, 0, 0 )
material_override = SubResource( 3 )
mesh = SubResource( 4 )
material/0 = null
script = ExtResource( 2 )

[node name="cube" type="MeshInstance" parent="root_3d/cube"]
transform = Transform( -0.422592, -0.390668, -1.053, 1.69881e-07, -1.12507, 0.417407, -1.12313, 0.146993, 0.396204, 0, 0, 0 )
material_override = SubResource( 3 )
mesh = SubResource( 4 )
material/0 = null
script = ExtResource( 2 )

[node name="cube2" type="MeshInstance" parent="root_3d/cube/cube"]
transform = Transform( 0.0924948, -0.288054, -0.776476, 0.000401351, -0.781287, 0.289887, -0.828184, -0.0325496, -0.0865793, 0, 0, 0 )
material_override = SubResource( 3 )
mesh = SubResource( 4 )
material/0 = null
script = ExtResource( 2 )

[node name="cube" type="MeshInstance" parent="root_3d/cube/cube/cube2"]
transform = Transform( 1.54947, 0.0622642, 0.169987, -0.0622743, 1.55875, -0.00331449, -0.169984, -0.00349372, 1.55071, 0, 0, 0 )
material_override = SubResource( 3 )
mesh = SubResource( 4 )
material/0 = null
script = ExtResource( 2 )

[node name="cube2" type="MeshInstance" parent="root_3d/cube/cube/cube2/cube"]
transform = Transform( -0.376406, -0.233547, -0.628879, 0.000320951, -0.721172, 0.267629, -0.670847, 0.130696, 0.352987, 0, 0, 0 )
material_override = SubResource( 3 )
mesh = SubResource( 4 )
material/0 = null
script = ExtResource( 2 )

[node name="cube" type="MeshInstance" parent="root_3d/cube/cube/cube2/cube/cube2"]
transform = Transform( -0.495844, 0.608399, 1.64207, -0.609456, 1.53997, -0.754611, -1.64169, -0.755452, -0.215821, 0, 0, 0 )
material_override = SubResource( 3 )
mesh = SubResource( 4 )
material/0 = null
script = ExtResource( 2 )

[node name="cube2" type="MeshInstance" parent="root_3d/cube/cube/cube2/cube/cube2/cube"]
transform = Transform( -0.711226, 0.022732, 0.0620103, 0.000247756, -0.669722, 0.248351, 0.0660451, 0.247308, 0.666844, 0, 0, 0 )
material_override = SubResource( 3 )
mesh = SubResource( 4 )
material/0 = null
script = ExtResource( 2 )

[node name="cube" type="MeshInstance" parent="root_3d/cube/cube/cube2/cube/cube2/cube/cube2"]
transform = Transform( 1.04713, 0.322774, 0.871398, -0.322752, 1.35743, -0.114963, -0.871404, -0.114904, 1.0897, 0, 0, 0 )
material_override = SubResource( 3 )
mesh = SubResource( 4 )
material/0 = null
script = ExtResource( 2 )

[node name="cube" type="MeshInstance" parent="root_3d/cube/cube/cube2/cube/cube2/cube/cube2/cube"]
transform = Transform( -0.125485, -0.344939, -0.930198, -2.56255e-05, -0.93761, 0.34769, -0.992096, 0.0436539, 0.117647, 0, 0, 0 )
material_override = SubResource( 3 )
mesh = SubResource( 4 )
material/0 = null
script = ExtResource( 2 )

[node name="cube2" type="MeshInstance" parent="root_3d/cube/cube/cube2/cube/cube2/cube/cube2/cube/cube"]
transform = Transform( 0.743353, 0.232386, 0.627234, -0.232482, 0.96901, -0.0834911, -0.6272, -0.0837572, 0.774344, 0, 0, 0 )
material_override = SubResource( 3 )
mesh = SubResource( 4 )
material/0 = null
script = ExtResource( 2 )

[node name="cube3" type="MeshInstance" parent="root_3d/cube/cube/cube2/cube/cube2/cube/cube2/cube/cube/cube2"]
transform = Transform( -0.135366, -0.136972, -0.369024, 0.000218809, -0.390261, 0.144775, -0.393624, 0.0468874, 0.126987, 0, 0, 0 )
material_override = SubResource( 3 )
mesh = SubResource( 4 )
material/0 = null
script = ExtResource( 2 )

[node name="cube4" type="MeshInstance" parent="root_3d/cube/cube/cube2/cube/cube2/cube/cube2/cube/cube/cube2/cube3"]
transform = Transform( 0.0735493, -0.826874, 0.557557, -5.80248e-06, -0.559071, -0.82912, 0.997292, 0.0609779, -0.0411241, 0, 0, 0 )
material_override = SubResource( 3 )
mesh = SubResource( 4 )
material/0 = null
script = ExtResource( 2 )

[node name="cube5" type="MeshInstance" parent="root_3d/cube/cube/cube2/cube/cube2/cube/cube2/cube/cube/cube2/cube3/cube4"]
transform = Transform( 0.0106377, -0.830834, 0.556418, -4.14587e-09, -0.556449, -0.830881, 0.999943, 0.00883869, -0.00591937, 0, 0, 0 )
material_override = SubResource( 3 )
mesh = SubResource( 4 )
material/0 = null
script = ExtResource( 2 )

[node name="cube6" type="MeshInstance" parent="root_3d/cube/cube/cube2/cube/cube2/cube/cube2/cube/cube/cube2/cube3/cube4/cube5"]
transform = Transform( -0.0679572, -0.834374, 0.546995, 4.08487e-09, -0.548263, -0.836306, 0.997688, -0.0568331, 0.0372584, 0, 0, 0 )
material_override = SubResource( 3 )
mesh = SubResource( 4 )
material/0 = null
script = ExtResource( 2 )

[node name="cube2" type="MeshInstance" parent="root_3d/cube/cube/cube2/cube/cube2/cube/cube2/cube"]
transform = Transform( -0.14764, -0.111854, 0.418732, 0.174543, 0.389563, 0.165604, -0.396716, 0.213018, -0.0829771, 0, 0, 0 )
material_override = SubResource( 3 )
mesh = SubResource( 4 )
material/0 = null
script = ExtResource( 2 )

[node name="cube" type="MeshInstance" parent="root_3d/cube/cube/cube2/cube/cube2/cube/cube2/cube/cube2"]
transform = Transform( -0.422592, -0.390668, -1.053, 1.69881e-07, -1.12507, 0.417407, -1.12313, 0.146993, 0.396204, 0, 0, 0 )
material_override = SubResource( 3 )
mesh = SubResource( 4 )
material/0 = null
script = ExtResource( 2 )

[node name="cube2" type="MeshInstance" parent="root_3d/cube/cube/cube2/cube/cube2/cube/cube2/cube/cube2/cube"]
transform = Transform( 0.0924948, -0.288054, -0.776476, 0.000401351, -0.781287, 0.289887, -0.828184, -0.0325496, -0.0865793, 0, 0, 0 )
material_override = SubResource( 3 )
mesh = SubResource( 4 )
material/0 = null
script = ExtResource( 2 )

[node name="cube" type="MeshInstance" parent="root_3d/cube/cube/cube2/cube/cube2/cube/cube2/cube/cube2/cube/cube2"]
transform = Transform( 1.54947, 0.0622642, 0.169987, -0.0622743, 1.55875, -0.00331449, -0.169984, -0.00349372, 1.55071, 0, 0, 0 )
material_override = SubResource( 3 )
mesh = SubResource( 4 )
material/0 = null
script = ExtResource( 2 )

[node name="cube2" type="MeshInstance" parent="root_3d/cube/cube/cube2/cube/cube2/cube/cube2/cube/cube2/cube/cube2/cube"]
transform = Transform( -0.376406, -0.233547, -0.628879, 0.000320951, -0.721172, 0.267629, -0.670847, 0.130696, 0.352987, 0, 0, 0 )
material_override = SubResource( 3 )
mesh = SubResource( 4 )
material/0 = null
script = ExtResource( 2 )

[node name="cube" type="MeshInstance" parent="root_3d/cube/cube/cube2/cube/cube2/cube/cube2/cube/cube2/cube/cube2/cube/cube2"]
transform = Transform( -0.495844, 0.608399, 1.64207, -0.609456, 1.53997, -0.754611, -1.64169, -0.755452, -0.215821, 0, 0, 0 )
material_override = SubResource( 3 )
mesh = SubResource( 4 )
material/0 = null
script = ExtResource( 2 )

[node name="cube2" type="MeshInstance" parent="root_3d/cube/cube/cube2/cube/cube2/cube/cube2/cube/cube2/cube/cube2/cube/cube2/cube"]
transform = Transform( -0.711226, 0.022732, 0.0620103, 0.000247756, -0.669722, 0.248351, 0.0660451, 0.247308, 0.666844, 0, 0, 0 )
visible = false
material_override = SubResource( 3 )
mesh = SubResource( 4 )
material/0 = null
script = ExtResource( 2 )

[node name="cube" type="MeshInstance" parent="root_3d/cube/cube/cube2/cube/cube2/cube/cube2/cube/cube2/cube/cube2/cube/cube2/cube/cube2"]
transform = Transform( 1.04713, 0.322774, 0.871398, -0.322752, 1.35743, -0.114963, -0.871404, -0.114904, 1.0897, 0, 0, 0 )
material_override = SubResource( 3 )
mesh = SubResource( 4 )
material/0 = null
script = ExtResource( 2 )

[node name="cube" type="MeshInstance" parent="root_3d/cube/cube/cube2/cube/cube2/cube/cube2/cube/cube2/cube/cube2/cube/cube2/cube/cube2/cube"]
transform = Transform( -0.125485, -0.344939, -0.930198, -2.56255e-05, -0.93761, 0.34769, -0.992096, 0.0436539, 0.117647, 0, 0, 0 )
material_override = SubResource( 3 )
mesh = SubResource( 4 )
material/0 = null
script = ExtResource( 2 )

[node name="cube2" type="MeshInstance" parent="root_3d/cube/cube/cube2/cube/cube2/cube/cube2/cube/cube2/cube/cube2/cube/cube2/cube/cube2/cube/cube"]
transform = Transform( 0.743353, 0.232386, 0.627234, -0.232482, 0.96901, -0.0834911, -0.6272, -0.0837572, 0.774344, 0, 0, 0 )
material_override = SubResource( 3 )
mesh = SubResource( 4 )
material/0 = null
script = ExtResource( 2 )

[node name="cube3" type="MeshInstance" parent="root_3d/cube/cube/cube2/cube/cube2/cube/cube2/cube/cube2/cube/cube2/cube/cube2/cube/cube2/cube/cube/cube2"]
transform = Transform( -0.135366, -0.136972, -0.369024, 0.000218809, -0.390261, 0.144775, -0.393624, 0.0468874, 0.126987, 0, 0, 0 )
material_override = SubResource( 3 )
mesh = SubResource( 4 )
material/0 = null
script = ExtResource( 2 )

[node name="cube4" type="MeshInstance" parent="root_3d/cube/cube/cube2/cube/cube2/cube/cube2/cube/cube2/cube/cube2/cube/cube2/cube/cube2/cube/cube/cube2/cube3"]
transform = Transform( 0.0735493, -0.826874, 0.557557, -5.80248e-06, -0.559071, -0.82912, 0.997292, 0.0609779, -0.0411241, 0, 0, 0 )
material_override = SubResource( 3 )
mesh = SubResource( 4 )
material/0 = null
script = ExtResource( 2 )

[node name="cube5" type="MeshInstance" parent="root_3d/cube/cube/cube2/cube/cube2/cube/cube2/cube/cube2/cube/cube2/cube/cube2/cube/cube2/cube/cube/cube2/cube3/cube4"]
transform = Transform( 0.0106377, -0.830834, 0.556418, -4.14587e-09, -0.556449, -0.830881, 0.999943, 0.00883869, -0.00591937, 0, 0, 0 )
material_override = SubResource( 3 )
mesh = SubResource( 4 )
material/0 = null
script = ExtResource( 2 )

[node name="cube6" type="MeshInstance" parent="root_3d/cube/cube/cube2/cube/cube2/cube/cube2/cube/cube2/cube/cube2/cube/cube2/cube/cube2/cube/cube/cube2/cube3/cube4/cube5"]
transform = Transform( -0.0679572, -0.834374, 0.546995, 4.08487e-09, -0.548263, -0.836306, 0.997688, -0.0568331, 0.0372584, 0, 0, 0 )
material_override = SubResource( 3 )
mesh = SubResource( 4 )
material/0 = null
script = ExtResource( 2 )

[node name="env" type="WorldEnvironment" parent="."]
environment = ExtResource( 3 )
